<?xml version="1.0"?>
<opencv_storage>
<mtx type_id="opencv-matrix">
  <rows>3</rows>
  <cols>3</cols>
  <dt>d</dt>
  <data>
    4.8674554730673225e+02 0. 3.2421996257785503e+02 0.
    4.8985674731628501e+02 2.2213107183353674e+02 0. 0. 1.</data></mtx>
<dist type_id="opencv-matrix">
  <rows>1</rows>
  <cols>5</cols>
  <dt>d</dt>
  <data>
    -3.7079487330322919e-01 2.0470434767425177e-01
    9.9052922698127316e-04 5.3424410244756629e-04
    -7.3569699992863558e-02</data></dist>
<rvec type_id="opencv-matrix">
  <rows>3</rows>
  <cols>1</cols>
  <dt>d</dt>
  <data>
    1.4862836440016922e+00 4.5365952292133090e-02
    -2.6394939304585190e-02</data></rvec>
<tvec type_id="opencv-matrix">
  <rows>3</rows>
  <cols>1</cols>
  <dt>d</dt>
  <data>
    -2.1113970034096301e+00 1.2787440664522526e+01
    2.5777576302895266e+01</data></tvec>
</opencv_storage>
