<?xml version="1.0"?>
<opencv_storage>
<corners type_id="opencv-matrix">
  <rows>1</rows>
  <cols>48</cols>
  <dt>"2f"</dt>
  <data>
    314. 318. 3.23335388e+02 3.20941284e+02 3.34799805e+02
    3.18460236e+02 3.34721710e+02 3.18438171e+02 3.62434570e+02
    3.27237976e+02 3.61616028e+02 3.34582611e+02 3.75373627e+02
    3.37336884e+02 387. 341. 3.23168396e+02 3.14588501e+02
    3.34688782e+02 3.17809631e+02 3.35650391e+02 3.18628540e+02
    3.62531036e+02 3.26449615e+02 3.61630951e+02 3.34584808e+02
    3.73292267e+02 3.29799927e+02 3.84447296e+02 3.33185242e+02
    4.03889252e+02 3.36135803e+02 3.34685516e+02 3.17809296e+02
    3.35488617e+02 3.17914703e+02 3.60969635e+02 3.19215759e+02
    3.62519348e+02 3.26840637e+02 3.62446564e+02 3.27843597e+02
    3.81996643e+02 3.30168304e+02 4.03488464e+02 3.36484375e+02
    4.03550110e+02 3.36119049e+02 3.34749542e+02 3.17814972e+02
    3.49947784e+02 3.10726074e+02 3.60966095e+02 3.19388977e+02
    3.60967133e+02 3.19470978e+02 3.80139954e+02 3.18318970e+02
    3.90556885e+02 3.22196259e+02 4.01629211e+02 3.25323669e+02
    4.03043396e+02 3.36524567e+02 3.59535919e+02 3.07745117e+02
    3.59536743e+02 3.07744629e+02 3.61483490e+02 3.04781952e+02
    3.80073730e+02 3.18262177e+02 3.80124481e+02 3.18305237e+02
    3.98745850e+02 3.18589661e+02 4.09771057e+02 3.21598358e+02
    4.27826782e+02 3.23615723e+02 3.63160858e+02 3.04318573e+02
    3.63160858e+02 3.04318665e+02 3.75888824e+02 3.06984558e+02
    3.85804443e+02 3.09601166e+02 3.96055450e+02 3.12306305e+02
    4.06659149e+02 3.15104492e+02 4.17634033e+02 3.18000641e+02 429.
    321.</data></corners>
</opencv_storage>
