<?xml version="1.0"?>
<opencv_storage>
<corners type_id="opencv-matrix">
  <rows>48</rows>
  <cols>1</cols>
  <dt>"2f"</dt>
  <data>
    313. 317. 3.23220123e+02 3.20134186e+02 3.33598602e+02
    3.23316895e+02 3.44139099e+02 3.26549316e+02 3.54845490e+02
    3.29832611e+02 3.65721710e+02 3.33167999e+02 3.76771790e+02
    3.36556671e+02 388. 340. 3.22719330e+02 3.13760223e+02
    3.32806915e+02 3.16806915e+02 3.43047607e+02 3.19899811e+02
    3.53444946e+02 3.23040039e+02 3.64002533e+02 3.26228668e+02
    3.74724091e+02 3.29466827e+02 3.85613495e+02 3.32755646e+02
    3.96674713e+02 3.36096375e+02 3.32057831e+02 3.10647400e+02
    3.42015289e+02 3.13610962e+02 3.52120911e+02 3.16618622e+02
    3.62377991e+02 3.19671356e+02 3.72789948e+02 3.22770172e+02
    3.83360352e+02 3.25916168e+02 3.94092834e+02 3.29110413e+02
    4.04991150e+02 3.32353973e+02 3.41037506e+02 3.07654175e+02
    3.50867310e+02 3.10538696e+02 3.60840485e+02 3.13465332e+02
    3.70960205e+02 3.16434937e+02 3.81229706e+02 3.19448517e+02
    3.91652374e+02 3.22507050e+02 4.02231659e+02 3.25611542e+02
    4.12971100e+02 3.28763000e+02 3.49678650e+02 3.04773773e+02
    3.59383179e+02 3.07583099e+02 3.69226593e+02 3.10432617e+02
    3.79211853e+02 3.13323212e+02 3.89342041e+02 3.16255737e+02
    3.99620361e+02 3.19231171e+02 4.10050079e+02 3.22250397e+02
    4.20634552e+02 3.25314453e+02 358. 302. 3.67581757e+02
    3.04737640e+02 3.77298035e+02 3.07513733e+02 3.87151672e+02
    3.10329041e+02 3.97145630e+02 3.13184479e+02 4.07282928e+02
    3.16080841e+02 4.17566650e+02 3.19019043e+02 428. 322.</data></corners>
</opencv_storage>