<?xml version="1.0"?>
<opencv_storage>
<mtx type_id="opencv-matrix">
  <rows>3</rows>
  <cols>3</cols>
  <dt>d</dt>
  <data>
    4.9015218028959947e+02 0. 3.4550967604222984e+02 0.
    4.9201956102306315e+02 2.3853299749743482e+02 0. 0. 1.</data></mtx>
<dist type_id="opencv-matrix">
  <rows>1</rows>
  <cols>5</cols>
  <dt>d</dt>
  <data>
    -3.8212505076774250e-01 2.3042738389473613e-01
    -2.1140925512314445e-04 -4.6126615341961523e-04
    -8.9672072631576991e-02</data></dist>
<rvec type_id="opencv-matrix">
  <rows>3</rows>
  <cols>1</cols>
  <dt>d</dt>
  <data>
    1.5680792088848536e+00 -7.3542178155146887e-01
    6.4514920722088875e-01</data></rvec>
<tvec type_id="opencv-matrix">
  <rows>3</rows>
  <cols>1</cols>
  <dt>d</dt>
  <data>
    -1.0447894052584741e+02 1.9661411835350313e+02
    7.1851656624904035e+02</data></tvec>
</opencv_storage>
